saas.sin.fan:443#▼ 优选域名 TOP10 | 05-20 18:43 | YouTube@真香定律
openai.com:443#openai.com
cf.cf.3666888.xyz:443#cf.cf.3666888.xyz
6.cf.3666888.xyz:443#6.cf.3666888.xyz
test.509666.xyz:443#test.509666.xyz
visa.com:443#visa.com
www.5199dy.com:443#www.5199dy.com
cloudflare.idc.rocks:443#cloudflare.idc.rocks
hfqek.cf.3666888.xyz:443#hfqek.cf.3666888.xyz
sg.cf.3666888.xyz:443#sg.cf.3666888.xyz
test2.509666.xyz:443#test2.509666.xyz
bestcf.030101.xyz:443#▲ 优选域名 | 分享免费优选网 BestCF.pages.dev | VPS789 7*24监测
