saas.sin.fan:443#▼ 优选域名 TOP20 | 05-18 01:13 | YouTube@真香定律
6.cf.3666888.xyz:443#6.cf.3666888.xyz
cnllm.com:443#cnllm.com
staticdelivery.nexusmods.com:443#staticdelivery.nexusmods.com
cdn.cf.3666888.xyz:443#cdn.cf.3666888.xyz
ys2046.cv:443#ys2046.cv
openai.com:443#openai.com
cu.877774.xyz:443#cu.877774.xyz
bbs.alipansou.com:443#bbs.alipansou.com
www.leics.police.uk:443#www.leics.police.uk
cf.cf.3666888.xyz:443#cf.cf.3666888.xyz
qocu.cf.3666888.xyz:443#qocu.cf.3666888.xyz
8.cf.3666888.xyz:443#8.cf.3666888.xyz
test2.509666.xyz:443#test2.509666.xyz
cfip-ct.stoeaves.us.ci:443#cfip-ct.stoeaves.us.ci
9.cf.3666888.xyz:443#9.cf.3666888.xyz
fw8je9.cf.3666888.xyz:443#fw8je9.cf.3666888.xyz
cf.553314.xyz:443#cf.553314.xyz
api.gzcrtw.com:443#api.gzcrtw.com
sanwang.cf.3666888.xyz:443#sanwang.cf.3666888.xyz
cdn.2158.cc:443#cdn.2158.cc
bestcf.030101.xyz:443#▲ 优选域名 | 分享免费优选网 BestCF.pages.dev | VPS789 7*24监测
