saas.sin.fan:443#▼ 优选域名 TOP20 | 05-19 01:13 | YouTube@真香定律
keji.cf.3666888.xyz:443#keji.cf.3666888.xyz
yg11.ygkkk.dpdns.org:443#yg11.ygkkk.dpdns.org
cf.cf.3666888.xyz:443#cf.cf.3666888.xyz
avido.cf.3666888.xyz:443#avido.cf.3666888.xyz
markmonitor.com:443#markmonitor.com
cloudflare-ip.mofashi.ltd:443#cloudflare-ip.mofashi.ltd
cdn.2020111.xyz:443#cdn.2020111.xyz
adnjv.cf.3666888.xyz:443#adnjv.cf.3666888.xyz
visa.com:443#visa.com
bestcfv4.030101.xyz:443#bestcfv4.030101.xyz
123.cf.3666888.xyz:443#123.cf.3666888.xyz
3.cf.3666888.xyz:443#3.cf.3666888.xyz
baka.fun:443#baka.fun
y508.com:443#y508.com
cmcc.cc.cd:443#cmcc.cc.cd
cdns.doon.eu.org:443#cdns.doon.eu.org
openai.com:443#openai.com
store.ubi.com:443#store.ubi.com
www.fastsoso.cn:443#www.fastsoso.cn
bbs.alipansou.com:443#bbs.alipansou.com
bestcf.030101.xyz:443#▲ 优选域名 | 分享免费优选网 BestCF.pages.dev | VPS789 7*24监测
