saas.sin.fan:443#▼ 优选域名 TOP20 | 05-19 07:42 | YouTube@真香定律
avido.cf.3666888.xyz:443#avido.cf.3666888.xyz
8.cf.3666888.xyz:443#8.cf.3666888.xyz
cloudflare-ip.mofashi.ltd:443#cloudflare-ip.mofashi.ltd
adnjv.cf.3666888.xyz:443#adnjv.cf.3666888.xyz
staticdelivery.nexusmods.com:443#staticdelivery.nexusmods.com
cloudflare.idc.rocks:443#cloudflare.idc.rocks
fenliu.072103.xyz:443#fenliu.072103.xyz
bestcfv4.030101.xyz:443#bestcfv4.030101.xyz
7.cf.3666888.xyz:443#7.cf.3666888.xyz
fw8je9.cf.3666888.xyz:443#fw8je9.cf.3666888.xyz
cdns.doon.eu.org:443#cdns.doon.eu.org
www.fastsoso.cn:443#www.fastsoso.cn
123.cf.3666888.xyz:443#123.cf.3666888.xyz
2.cf.3666888.xyz:443#2.cf.3666888.xyz
3.cf.3666888.xyz:443#3.cf.3666888.xyz
y508.com:443#y508.com
cmcc.cc.cd:443#cmcc.cc.cd
zeas.top:443#zeas.top
yg1.ygkkk.dpdns.org:443#yg1.ygkkk.dpdns.org
openai.com:443#openai.com
bestcf.030101.xyz:443#▲ 优选域名 | 分享免费优选网 BestCF.pages.dev | VPS789 7*24监测
